8.399859280841544262e-02
4.128110028573265256e-01
2.118997458495902320e-01
6.142537912090912516e-02
4.316161561067007324e-01
1.892733547571508468e-01
9.996457497523019153e-01
1.701050538182590499e-01
4.514250745184964636e-02
3.194278965050605934e-01
8.112962509101542263e-01
6.284146922327156493e-02
2.776749288404229965e-01
1.718020856976741062e-01
9.387803872445573683e-01
6.151799267213300948e-02
2.134879149655680708e-01
3.053218265904771300e-01
7.764376724232551208e-01
1.797633212702537675e-01
2.535269188022617470e-01
4.595760217721200219e-02
1.908767531717531218e-01
3.625005334729075601e-01
1.159376328280706525e-01
3.032513871868574018e-01
4.170109465515664526e-01
3.639513675771464951e-02
3.275610685875872397e-02
1.250034216431108736e-01
4.880829422300057840e-02
8.186471576626117019e-02
4.172528214076279274e-02
2.281787375677593876e-01
7.361527456777502421e-01
3.599390062959873515e-01
7.442276388650045926e-02
4.662394293096873699e-01
1.010200990141726096e-01
4.908435665373980794e-02
2.394969497274683778e-01
4.267647906832602311e-01
7.967985523842255335e-02
9.601365767360443837e-02
9.143054682391310584e-01
4.386882845943413517e-02
1.644555650836416472e-01
8.685579746422907033e-02
7.186775775977270742e-02
2.408063385905693798e-01
9.997958994467767146e-01
1.933065978532679530e-01
9.996711070494963547e-01
3.895753108825208422e-01
8.516927572576250549e-01
8.967617387743923585e-01
7.200987844978233854e-01
6.052063553895200565e-01
6.427203858748107290e-01
9.496538151941917860e-01
8.274909489732314993e-01
8.429704838714441317e-01
1.820872036739762945e-01
8.806741248347562667e-01
9.643994529474368971e-01
6.514145281997583137e-01
8.288173305806417757e-01
9.986013479655968528e-01
3.793984062672761115e-01
9.481788080307040900e-01
9.773929255930845494e-01
3.118673429635322458e-01
6.300296556893048017e-01
4.262543321309451017e-01
8.019965093427476877e-01
9.912612335351718151e-01
7.102408576080686542e-01
4.702697736663113415e-01
9.819809330600178798e-01
2.499374977938666476e-01
1.603154260835742417e-01
9.998594856712508250e-01
9.681096750526312356e-01
9.342788365455433341e-01
5.085529893080497077e-01
8.779146160002186949e-01
8.046053813190175985e-01
6.497507034976358620e-01
7.524249725361653596e-01
9.999451393194888071e-01
2.343499816814916259e-01
7.145935849595815847e-01
6.952080880370515859e-01
8.040461038941788541e-01
8.352911083926477520e-01
5.221033808900938933e-01
5.030591574113353337e-01
7.232163425331085138e-01
9.979369265337389994e-01
4.142919505237549482e-01
