1.281713339334250579e-01
1.729239241307712130e-04
2.611908804463874731e-05
6.707929981287153647e-05
2.105665487867506918e-04
2.095261877593173651e-03
5.711763817279516108e-04
5.625967836941387081e-08
5.847229415610272554e-04
4.069262416124406462e-06
1.087888667235063767e-04
2.954494666894338798e-04
1.864454106742714692e-03
3.464510244919632607e-04
4.742803851010249342e-06
8.446363468870946023e-02
2.060562125698707771e-05
1.439757390042104123e-05
2.058733692659897845e-03
1.489989051628609741e-06
6.706676233150635028e-07
8.815639051922694773e-04
4.808576911102741057e-04
1.147923303308816430e-02
1.373931608046755720e-07
4.255398308235767152e-08
2.326072691204883157e-05
1.687185066242302689e-02
1.586657200033961439e-05
9.293745869787229941e-01
4.151309640023587676e-03
2.772264018778488074e-05
8.689199656492759070e-07
1.301864284542025164e-05
5.475933543166200054e-03
1.127867596888671364e-03
3.174501677992550008e-02
4.272220311902835133e-01
4.495175225343162170e-05
1.108924615707178191e-05
1.032458478535223587e-03
2.453341452706149067e-05
1.999537270109527680e-06
3.161364069218824090e-03
5.543032816062042523e-05
3.757435022583413380e-03
2.474473618607278998e-06
2.761332532651233967e-08
1.706623510144897457e-04
9.586781884395554343e-01
1.277832125880900985e-03
2.768690749352865216e-02
8.711166561241961588e-06
1.432599160840203247e-03
1.462030779809855852e-02
6.631041992259615371e-07
5.380154320573155751e-04
7.204322445671303447e-04
1.165477638565421293e-03
1.118268454407582912e-04
3.360483314448230088e-04
2.554231325150019255e-05
5.785025022855808860e-08
9.974928790957079405e-01
9.706941005092053487e-01
8.010936395878751615e-01
7.793929411710998068e-01
9.928020821426419840e-01
9.444765369769569929e-01
9.995907502825980284e-01
9.999631289071801987e-01
9.987744937098647080e-01
9.971645354146131401e-01
9.812979173126409327e-01
9.957057046726836003e-01
7.462322785450598017e-01
9.829895162607558134e-01
9.795153766345500168e-01
9.985503183530577420e-01
5.075059806138731977e-01
9.927659423243136994e-01
9.999650078822712729e-01
9.986697269932041099e-01
9.926923513627157192e-01
9.611225901830073859e-01
6.592738648400966461e-01
9.889480989811679779e-01
9.964412542363298986e-01
9.998438524326181964e-01
9.837998415983320033e-01
8.025286047016383373e-01
9.928183642590026059e-01
9.573573849769901889e-01
9.957412968285407340e-01
9.520921182282913175e-01
9.998325126305769306e-01
9.986969141471127021e-01
9.243885712316355363e-01
9.997094761229005089e-01
9.994196726677210263e-01
9.998631891820727313e-01
9.852292510563910310e-01
9.798683013072947423e-01
9.993511159615271477e-01
6.810855289012287539e-01
9.873370474286168319e-01
9.744745196532724751e-01
9.985492070046864121e-01
9.292467274049567294e-01
9.192942516809649023e-01
9.994126905793666582e-01
8.710571659895561814e-01
9.923561225278811904e-01
9.112745738572834986e-01
5.307681803415842392e-01
9.942858530573978060e-01
9.992060677591515505e-01
9.047658037075394510e-01
9.992963650897708217e-01
9.876607079633317188e-01
9.661522505395256921e-01
9.902735079151426811e-01
9.085587230122000868e-01
9.990384633756216326e-01
9.997885355770871341e-01
2.249977827401876129e-01
