3.386922425640689349e-01
4.410903555616231542e-02
4.046185333616685725e-02
6.944907468650766968e-02
6.970627269840685980e-02
1.557244977879477243e-01
8.096329505960156436e-02
4.256475368061493625e-03
1.329183583039870165e-01
2.545197951778910284e-02
5.182476691549660341e-02
5.533244807757294048e-02
6.864461634520889477e-02
7.187763993281670594e-02
2.178999555746740854e-02
4.946973338769496964e-01
1.869735520071580739e-02
4.146359147537435202e-02
1.056437263463404497e-01
1.343548120285360456e-02
1.441534970543036608e-02
1.458550278529766042e-01
8.123962041501370246e-02
1.072061275113225937e-01
7.066507195223810725e-03
8.987939145952779721e-03
3.300487652983349895e-02
2.577303687992359982e-01
1.818302608830453873e-02
5.907787165050860656e-01
8.800705942581996122e-02
1.730260934267454503e-02
7.231880303040560953e-03
2.121114939882285180e-02
2.173794477184646523e-01
7.197835316159191532e-02
2.117263967137579528e-01
2.815199556443703788e-01
2.505363668777361302e-02
2.649593874067318611e-02
7.187657327597236911e-02
2.939462349099102728e-02
1.149469068493310167e-02
1.100360860384826528e-01
6.999565261622545109e-02
1.123572468879904390e-01
1.798852162947129837e-02
6.112612940634112174e-03
4.920722428431621720e-02
1.178985606323369462e+00
6.289575568690217167e-02
1.242565875136467657e-01
2.927481415462968722e-02
1.268173332726750535e-01
6.898736371761743369e-02
8.089395107777147542e-03
7.488105387462339058e-02
5.613082028000995066e-02
1.045633996719771835e-01
5.901642374536461566e-02
2.966252696963537008e-02
2.165873758484221021e-02
4.380510217940784996e-03
1.291597755358160127e+00
7.630695611559946689e-01
6.215018180045781548e-01
5.883246083178916841e-01
7.499457982473155537e-01
7.146549882613024707e-01
1.485909977322646514e+00
2.241353420771321492e+00
1.198991071110991902e+00
1.161352159139781515e+00
9.034027843248232381e-01
1.239595403269455831e+00
5.787036972413456271e-01
8.913119249738320482e-01
7.338545570095530435e-01
9.668488709089423372e-01
3.957303080310758392e-01
9.073426036968795794e-01
2.290486448180171664e+00
1.213982435744620503e+00
1.005525116818093867e+00
6.078260463392073376e-01
5.464242884699324065e-01
6.786885675395071260e-01
1.079861445239379103e+00
1.617307407105680106e+00
9.673134939125097587e-01
6.307953088864576285e-01
9.263189858078256789e-01
7.297799469136946326e-01
9.955767119975852397e-01
7.980769096382861472e-01
1.402430366984030785e+00
1.160089464890765143e+00
6.168400997819910581e-01
1.104456090169417815e+00
1.347446870319701340e+00
1.715961636358674269e+00
9.319389067084200562e-01
8.380393365399955163e-01
1.328110658567572600e+00
4.337463158055895884e-01
8.455549224627861848e-01
8.953129961570277517e-01
1.181771765550816422e+00
7.045848224259777526e-01
5.368986200014128629e-01
1.307988462325505585e+00
4.925214966394706462e-01
1.101920889500091594e+00
5.595637268501469919e-01
4.372938302179353864e-01
1.249225659197134242e+00
1.557131385049508543e+00
7.112724826631882102e-01
1.252057118505971456e+00
9.143974261550726901e-01
8.079234229496111697e-01
8.112722593795587134e-01
6.600465713247649635e-01
1.083158204376988065e+00
1.616111799207134991e+00
3.116653952747641121e-01
