5.817178174407398872e-02
7.575907761835710616e-03
6.949489257307048598e-03
1.192816340996411505e-02
1.197233822335795617e-02
2.674632117035399478e-02
1.390577798249181124e-02
7.310671016123479428e-04
2.282927317881367976e-02
4.371481868774697126e-03
8.901116267448876129e-03
9.503574893142099217e-03
1.178999439050870159e-02
1.234527945132962712e-02
3.742521104638399029e-03
8.496629600313776454e-02
3.211347439472927914e-03
7.121541891159948248e-03
1.814474327822102745e-02
2.307598999735469437e-03
2.475895433802764202e-03
2.505119923121411352e-02
1.395323799558126875e-02
1.841309208620659985e-02
1.213701592754157579e-03
1.543715410690221605e-03
5.668722907405814720e-03
4.426624787478786183e-02
3.123009304990406135e-03
1.014686675295701085e-01
1.511557340108877524e-02
2.971794118061736861e-03
1.242105102268950762e-03
3.643101902860557302e-03
3.733581168731315431e-02
1.236257736142848222e-02
3.636487699230989135e-02
4.835220698403751988e-02
4.303064853989971295e-03
4.550786146911029589e-03
1.234509624864191767e-02
5.048647141198395714e-03
1.974260268488670783e-03
1.889914906979870204e-02
1.202204041108159878e-02
1.929781796551429882e-02
3.089602366461673393e-03
1.049866342307223142e-03
8.451542585175858546e-03
2.024956132778095719e-01
1.080260399455403031e-02
2.134157852091919660e-02
5.028069396302464397e-03
2.178139710745820648e-02
1.184886265743493108e-02
1.389386786921095610e-03
1.286112811378264421e-02
9.640698593286829016e-03
1.795919274113875683e-02
1.013631282323129365e-02
5.094660662412211875e-03
3.719977009509682284e-03
7.523705957851507418e-04
2.218372117324709236e-01
1.310603267174504094e-01
1.067454862172358271e-01
1.010471643833478900e-01
1.288062666131944423e-01
1.227449252593557916e-01
2.552111327905711158e-01
3.849616425146756837e-01
2.059316339038036459e-01
1.994669964037006360e-01
1.551631333474997598e-01
2.129055944831907965e-01
9.939473344756076523e-02
1.530864786655398990e-01
1.260425299353539474e-01
1.660602589307313415e-01
6.796830341912615814e-02
1.558398134830921156e-01
3.934004414821855034e-01
2.085064622639433429e-01
1.727030627891093517e-01
1.043966163450560647e-01
9.385061260303569075e-02
1.165675449907538491e-01
1.854706320721903057e-01
2.777791802581035530e-01
1.661400598371595150e-01
1.083416813917354865e-01
1.590990849387744488e-01
1.253426989401293101e-01
1.709943834596415468e-01
1.370729823954598414e-01
2.408731673387061178e-01
1.992501234877247784e-01
1.059448169933299572e-01
1.896948632093193587e-01
2.314295262819483778e-01
2.947234487444105877e-01
1.600643294025194119e-01
1.439366931143435113e-01
2.281084526096180953e-01
7.449770867003532859e-02
1.452275258203707675e-01
1.537736790509084406e-01
2.029741475520412120e-01
1.210153329762130026e-01
9.221453997579710793e-02
2.246523828775706666e-01
8.459258703380606592e-02
1.892594320967051491e-01
9.610736503381794860e-02
7.510700881983105315e-02
2.145596304354860928e-01
2.674437016691127988e-01
1.221639660501575159e-01
2.150459451844864145e-01
1.570515081743384667e-01
1.387641614403361534e-01
1.393393378318139308e-01
1.133657056841665539e-01
1.860368639751235065e-01
2.775738296979634034e-01
5.352980987651208972e-02
